Starting parallel pool (parpool) using the 'LocalProfile1' profile ... connected to 4 workers.
F:\I\douyu_lol_02_CQ

poolobj = 

 <a href="matlab: help parallel.Pool">Pool</a> (具有属性): 

            Connected: true
           NumWorkers: 4
              Cluster: <a href="matlab: parallel.internal.display.Displayer.displayObject('1F8B0800000000000000AD54C14AC34010DDA4A9E8C1A208D24FF014543C88B758119506B1ADB4878574DB2E35BACD864D047BF3E8D14FF0E8D14FF033BC081EFD0C779A4DB38D29557460D8BCC9CE9B7DB3C322E3D445D22AD29FA42F495F96BE8E1233A6AB85DCDA7913F096F49008C21865B61FC4540484D9033F0A1919DB35761BC9904B47348839F09E68BCAB8AAFACF092AA91D6015C4D3EDF4DED5FEAC0F768657C2B393ED8D3B5323E5361A4E97C2D65F96641BE7E9EB2D45D561856E841CA7357FA59BF40F3B1CF685B9030A4C2F354FEBE969FD54B705A338DC3FEAA315FF7676EBFA962B082FCAEF47BE52FD2DFD4FFD45AE390A2231213347B7FF32F1A151AD42A15FF9A31A300EB31137DD793DFA35B455BF579B3545CBFDF4D8D674DE1A9CC7E22DFAEF33E6109DF07FADDBC6C280CEB19EF35632EC8900261ECF3203BE7C382735EE4CE09B876802F232A22EC0C467EE047B120921E3B610897871B9CC8F010BB24BE6A73711361D769D59D43CC408EA7C479D7BC17E1C6EEF6CE5E4FEBDB339A3F8FF9FE4FE677415F50AE2FFF9DAFF7AFE81DE8A0D9F9E94C08B377409F93BFBC03605F3FC2D07948050000')">LocalProfile1</a>
        AttachedFiles: {}
          IdleTimeout: 30 minute(s) (30 minutes remaining)
          SpmdEnabled: true

Parallel pool using the 'LocalProfile1' profile is shutting down.
Starting parallel pool (parpool) using the 'LocalProfile1' profile ... connected to 4 workers.
F:\I\douyu_lol_02_CQ

poolobj = 

 <a href="matlab: help parallel.Pool">Pool</a> (具有属性): 

            Connected: true
           NumWorkers: 4
              Cluster: <a href="matlab: parallel.internal.display.Displayer.displayObject('1F8B0800000000000000AD54C14AC34010DDA4A9E8C1A208D24FF014543C88B758119506B1ADB4878574DB2E35BACD864D047BF3E8D14FF0E8D14FF033BC081EFD0C779A4DB38D29557460D8BCC9CE9B7DB3C322E3D445D22AD29FA42F495F96BE8E1233A6AB85DCDA7913F096F49008C21865B61FC4540484D9033F0A1919DB35761BC9904B47348839F09E68BCAB8AAFACF092AA91D6015C4D3EDF4DED5FEAC0F768657C2B393ED8D3B5323E5361A4E97C2D65F96641BE7E9EB2D45D561856E841CA7357FA59BF40F3B1CF685B9030A4C2F354FEBE969FD54B705A338DC3FEAA315FF7676EBFA962B082FCAEF47BE52FD2DFD4FFD45AE390A2231213347B7FF32F1A151AD42A15FF9A31A300EB31137DD793DFA35B455BF579B3545CBFDF4D8D674DE1A9CC7E22DFAEF33E6109DF07FADDBC6C280CEB19EF35632EC8900261ECF3203BE7C382735EE4CE09B876802F232A22EC0C467EE047B120921E3B610897871B9CC8F010BB24BE6A73711361D769D59D43CC408EA7C479D7BC17E1C6EEF6CE5E4FEBDB339A3F8FF9FE4FE677415F50AE2FFF9DAFF7AFE81DE8A0D9F9E94C08B377409F93BFBC03605F3FC2D07948050000')">LocalProfile1</a>
        AttachedFiles: {}
          IdleTimeout: 30 minute(s) (30 minutes remaining)
          SpmdEnabled: true

Parallel pool using the 'LocalProfile1' profile is shutting down.
Starting parallel pool (parpool) using the 'LocalProfile1' profile ... connected to 4 workers.
F:\I\douyu_lol_02_CQ

poolobj = 

 <a href="matlab: help parallel.Pool">Pool</a> (具有属性): 

            Connected: true
           NumWorkers: 4
              Cluster: <a href="matlab: parallel.internal.display.Displayer.displayObject('1F8B0800000000000000AD54C14AC34010DDA4A9E8C1A208D24FF014543C88B758119506B1ADB4878574DB2E35BACD864D047BF3E8D14FF0E8D14FF033BC081EFD0C779A4DB38D29557460D8BCC9CE9B7DB3C322E3D445D22AD29FA42F495F96BE8E1233A6AB85DCDA7913F096F49008C21865B61FC4540484D9033F0A1919DB35761BC9904B47348839F09E68BCAB8AAFACF092AA91D6015C4D3EDF4DED5FEAC0F768657C2B393ED8D3B5323E5361A4E97C2D65F96641BE7E9EB2D45D561856E841CA7357FA59BF40F3B1CF685B9030A4C2F354FEBE969FD54B705A338DC3FEAA315FF7676EBFA962B082FCAEF47BE52FD2DFD4FFD45AE390A2231213347B7FF32F1A151AD42A15FF9A31A300EB31137DD793DFA35B455BF579B3545CBFDF4D8D674DE1A9CC7E22DFAEF33E6109DF07FADDBC6C280CEB19EF35632EC8900261ECF3203BE7C382735EE4CE09B876802F232A22EC0C467EE047B120921E3B610897871B9CC8F010BB24BE6A73711361D769D59D43CC408EA7C479D7BC17E1C6EEF6CE5E4FEBDB339A3F8FF9FE4FE677415F50AE2FFF9DAFF7AFE81DE8A0D9F9E94C08B377409F93BFBC03605F3FC2D07948050000')">LocalProfile1</a>
        AttachedFiles: {}
          IdleTimeout: 30 minute(s) (30 minutes remaining)
          SpmdEnabled: true

Parallel pool using the 'LocalProfile1' profile is shutting down.
